100000,
100001,
100002,
100003,
4150,
4150,
5369,
5370,7237,
7250,
7316,
7632,
8631,
10032,
10239,
12053,
12060,
12064,
12065,
12066,
12068,
12071,
12073,
12077,
12078,
12081,
12082,
12083,
12084,
12085,
12091,
12093,
12095,
12098,
12107,
12109,
12111,
12112,
12114,
12120,
12122,
12125,
12129,
12134,
12138,
12140,
12142,
12144,
12145,
12146,
12153,
12154,
12155,
12158,
12160,
12161,
12162,
12164,
12166,
12169,
12174,
12176,
12178,
12179,
12180,
12184,
12186,
12190,
12192,
12193,
12200,
12201,
12204,
12208,
12210,
12212,
12214,
12215,
12218,
12221,
12224,
12225,
12227,
12228,
12229,
12232,
12235,
12236,
12243,
12251,
12253,
12254,
12259,
12260,
12261,
12265,
12267,
12269,
12270,
12273,
12274,
12278,
12280,
12281,
12285,
12286,
12287,
12290,
12291,
12299,
12300,
12301,
12303,
12304,
12306,
12307,
12308,
12309,
12310,
12311,
12313,
12316,
12317,
12319,
12320,
12321,
12323,
12324,
12325,
12326,
12329,
14156,
26653,
26738,
26755,
26756,
28068,
